loc_x,loc_y,shot_made,shot_type,shot_zone,shot_distance,game_id,game_date,shot_zone_area
-13,258,True,3PT,Above the Break 3,25,0021800014,20181018,Center(C)
119,223,False,3PT,Above the Break 3,25,0021800014,20181018,Right Side Center(RC)
-40,-1,True,2PT,In The Paint (Non-RA),4,0021800014,20181018,Center(C)
-34,214,True,2PT,Mid-Range,21,0021800014,20181018,Center(C)
-16,41,True,2PT,In The Paint (Non-RA),4,0021800014,20181018,Center(C)
6,0,True,2PT,Restricted Area,0,0021800014,20181018,Center(C)
81,97,True,2PT,Mid-Range,12,0021800014,20181018,Right Side(R)
-103,242,False,3PT,Above the Break 3,26,0021800014,20181018,Left Side Center(LC)
0,57,False,2PT,In The Paint (Non-RA),5,0021800014,20181018,Center(C)
-34,-15,False,2PT,Restricted Area,3,0021800014,20181018,Center(C)
-159,125,False,2PT,Mid-Range,20,0021800014,20181018,Left Side Center(LC)
100,240,True,3PT,Above the Break 3,26,0021800014,20181018,Right Side Center(RC)
-52,300,False,3PT,Above the Break 3,30,0021800014,20181018,Center(C)
81,264,False,3PT,Above the Break 3,27,0021800014,20181018,Center(C)
-21,16,True,2PT,Restricted Area,2,0021800014,20181018,Center(C)
-31,250,False,3PT,Above the Break 3,25,0021800014,20181018,Center(C)
17,20,True,2PT,Restricted Area,2,0021800014,20181018,Center(C)
-98,79,True,2PT,Mid-Range,12,0021800014,20181018,Left Side(L)
-19,16,True,2PT,Restricted Area,2,0021800014,20181018,Center(C)
-68,190,False,2PT,Mid-Range,20,0021800031,20181020,Left Side Center(LC)
-2,17,True,2PT,Restricted Area,1,0021800031,20181020,Center(C)
9,5,True,2PT,Restricted Area,1,0021800031,20181020,Center(C)
-22,116,False,2PT,In The Paint (Non-RA),11,0021800031,20181020,Center(C)
-20,63,True,2PT,In The Paint (Non-RA),6,0021800031,20181020,Center(C)
-231,48,True,3PT,Left Corner 3,23,0021800031,20181020,Left Side(L)
-46,247,False,3PT,Above the Break 3,25,0021800031,20181020,Center(C)
19,1,True,2PT,Restricted Area,1,0021800031,20181020,Center(C)
-5,4,True,2PT,Restricted Area,0,0021800031,20181020,Center(C)
233,-19,False,3PT,Right Corner 3,23,0021800031,20181020,Right Side(R)
-46,139,False,2PT,Mid-Range,14,0021800031,20181020,Center(C)
-115,15,True,2PT,Mid-Range,11,0021800031,20181020,Left Side(L)
-3,6,True,2PT,Restricted Area,0,0021800031,20181020,Center(C)
-127,223,False,3PT,Above the Break 3,25,0021800031,20181020,Left Side Center(LC)
-46,128,False,2PT,In The Paint (Non-RA),13,0021800031,20181020,Center(C)
-22,-3,True,2PT,Restricted Area,2,0021800031,20181020,Center(C)
-19,0,True,2PT,Restricted Area,1,0021800031,20181020,Center(C)
-23,11,False,2PT,Restricted Area,2,0021800031,20181020,Center(C)
20,6,True,2PT,Restricted Area,2,0021800031,20181020,Center(C)
120,216,False,3PT,Above the Break 3,24,0021800031,20181020,Right Side Center(RC)
-51,254,True,3PT,Above the Break 3,25,0021800031,20181020,Center(C)
229,-8,True,3PT,Right Corner 3,22,0021800044,20181022,Right Side(R)
133,229,True,3PT,Above the Break 3,26,0021800044,20181022,Right Side Center(RC)
-113,98,True,2PT,Mid-Range,14,0021800044,20181022,Left Side(L)
-134,29,True,2PT,Mid-Range,13,0021800044,20181022,Left Side(L)
117,219,True,3PT,Above the Break 3,24,0021800044,20181022,Right Side Center(RC)
44,156,True,2PT,Mid-Range,16,0021800044,20181022,Center(C)
216,117,True,3PT,Above the Break 3,24,0021800044,20181022,Right Side Center(RC)
127,222,False,3PT,Above the Break 3,25,0021800044,20181022,Right Side Center(RC)
0,12,True,2PT,Restricted Area,1,0021800044,20181022,Center(C)
-133,18,False,2PT,Mid-Range,13,0021800044,20181022,Left Side(L)
31,190,False,2PT,Mid-Range,19,0021800044,20181022,Center(C)
-3,7,True,2PT,Restricted Area,0,0021800044,20181022,Center(C)
-6,13,True,2PT,Restricted Area,1,0021800044,20181022,Center(C)
30,262,True,3PT,Above the Break 3,26,0021800044,20181022,Center(C)
-193,176,False,3PT,Above the Break 3,26,0021800044,20181022,Left Side Center(LC)
-17,0,True,2PT,Restricted Area,1,0021800056,20181024,Center(C)
22,-4,False,2PT,Restricted Area,2,0021800056,20181024,Center(C)
-17,11,True,2PT,Restricted Area,2,0021800056,20181024,Center(C)
-157,211,False,3PT,Above the Break 3,26,0021800056,20181024,Left Side Center(LC)
-23,-3,True,2PT,Restricted Area,2,0021800056,20181024,Center(C)
-2,23,False,2PT,Restricted Area,2,0021800056,20181024,Center(C)
-8,11,False,2PT,Restricted Area,1,0021800056,20181024,Center(C)
-5,11,False,2PT,Restricted Area,1,0021800056,20181024,Center(C)
-147,212,True,3PT,Above the Break 3,25,0021800056,20181024,Left Side Center(LC)
-6,14,True,2PT,Restricted Area,1,0021800056,20181024,Center(C)
-145,200,False,3PT,Above the Break 3,24,0021800056,20181024,Left Side Center(LC)
1,8,True,2PT,Restricted Area,0,0021800056,20181024,Center(C)
-116,216,False,3PT,Above the Break 3,24,0021800056,20181024,Left Side Center(LC)
12,25,False,2PT,Restricted Area,2,0021800056,20181024,Center(C)
14,25,False,2PT,Restricted Area,2,0021800056,20181024,Center(C)
236,35,False,3PT,Right Corner 3,23,0021800056,20181024,Right Side(R)
9,10,True,2PT,Restricted Area,1,0021800056,20181024,Center(C)
1,10,True,2PT,Restricted Area,1,0021800056,20181024,Center(C)
-40,204,False,2PT,Mid-Range,20,0021800056,20181024,Center(C)
-5,14,True,2PT,Restricted Area,1,0021800056,20181024,Center(C)
-105,135,True,2PT,Mid-Range,17,0021800056,20181024,Left Side Center(LC)
13,210,False,2PT,Mid-Range,21,0021800056,20181024,Center(C)
230,30,True,3PT,Right Corner 3,23,0021800067,20181026,Right Side(R)
-14,13,False,2PT,Restricted Area,1,0021800067,20181026,Center(C)
-14,0,False,2PT,Restricted Area,1,0021800067,20181026,Center(C)
-15,11,False,2PT,Restricted Area,1,0021800067,20181026,Center(C)
1,247,False,3PT,Above the Break 3,24,0021800067,20181026,Center(C)
231,104,False,3PT,Above the Break 3,25,0021800067,20181026,Right Side Center(RC)
-228,4,True,3PT,Left Corner 3,22,0021800067,20181026,Left Side(L)
58,245,True,3PT,Above the Break 3,25,0021800067,20181026,Center(C)
3,4,True,2PT,Restricted Area,0,0021800067,20181026,Center(C)
-14,10,False,2PT,Restricted Area,1,0021800067,20181026,Center(C)
147,232,True,3PT,Above the Break 3,27,0021800067,20181026,Right Side Center(RC)
162,205,False,3PT,Above the Break 3,26,0021800067,20181026,Right Side Center(RC)
2,20,True,2PT,Restricted Area,2,0021800067,20181026,Center(C)
24,254,False,3PT,Above the Break 3,25,0021800067,20181026,Center(C)
13,25,False,2PT,Restricted Area,2,0021800067,20181026,Center(C)
-9,20,False,2PT,Restricted Area,2,0021800067,20181026,Center(C)
-7,17,True,2PT,Restricted Area,1,0021800076,20181027,Center(C)
40,38,False,2PT,In The Paint (Non-RA),5,0021800076,20181027,Center(C)
-230,-13,False,3PT,Left Corner 3,23,0021800076,20181027,Left Side(L)
-39,64,False,2PT,In The Paint (Non-RA),7,0021800076,20181027,Center(C)
-5,12,True,2PT,Restricted Area,1,0021800076,20181027,Center(C)
-45,28,False,2PT,In The Paint (Non-RA),5,0021800076,20181027,Center(C)
-232,-4,True,3PT,Left Corner 3,23,0021800076,20181027,Left Side(L)
-13,31,False,2PT,Restricted Area,3,0021800076,20181027,Center(C)
-4,9,False,2PT,Restricted Area,0,0021800076,20181027,Center(C)
-75,168,True,2PT,Mid-Range,18,0021800076,20181027,Left Side Center(LC)
-124,34,False,2PT,Mid-Range,12,0021800076,20181027,Left Side(L)
13,31,True,2PT,Restricted Area,3,0021800076,20181027,Center(C)
6,11,True,2PT,Restricted Area,1,0021800076,20181027,Center(C)
2,4,True,2PT,Restricted Area,0,0021800076,20181027,Center(C)
-93,243,False,3PT,Above the Break 3,26,0021800076,20181027,Left Side Center(LC)
-169,180,False,3PT,Above the Break 3,24,0021800076,20181027,Left Side Center(LC)
-3,9,True,2PT,Restricted Area,0,0021800076,20181027,Center(C)
92,235,False,3PT,Above the Break 3,25,0021800076,20181027,Right Side Center(RC)
148,116,True,2PT,Mid-Range,18,0021800076,20181027,Right Side Center(RC)
-90,78,False,2PT,Mid-Range,11,0021800091,20181029,Left Side(L)
-98,0,False,2PT,Mid-Range,9,0021800091,20181029,Left Side(L)
-5,3,True,2PT,Restricted Area,0,0021800091,20181029,Center(C)
-3,3,True,2PT,Restricted Area,0,0021800091,20181029,Center(C)
150,248,True,3PT,Above the Break 3,28,0021800091,20181029,Right Side Center(RC)
143,227,False,3PT,Above the Break 3,26,0021800091,20181029,Right Side Center(RC)
6,93,False,2PT,In The Paint (Non-RA),9,0021800091,20181029,Center(C)
7,22,True,2PT,Restricted Area,2,0021800091,20181029,Center(C)
2,55,False,2PT,In The Paint (Non-RA),5,0021800091,20181029,Center(C)
228,96,False,3PT,Above the Break 3,24,0021800091,20181029,Right Side Center(RC)
153,205,False,3PT,Above the Break 3,25,0021800091,20181029,Right Side Center(RC)
-16,4,True,2PT,Restricted Area,1,0021800091,20181029,Center(C)
80,241,True,3PT,Above the Break 3,25,0021800091,20181029,Right Side Center(RC)
-165,237,False,3PT,Above the Break 3,28,0021800091,20181029,Left Side Center(LC)
15,5,True,2PT,Restricted Area,1,0021800091,20181029,Center(C)
-6,36,False,2PT,Restricted Area,3,0021800091,20181029,Center(C)
-22,4,True,2PT,Restricted Area,2,0021800091,20181029,Center(C)
44,243,True,3PT,Above the Break 3,24,0021800106,20181031,Center(C)
103,232,False,3PT,Above the Break 3,25,0021800106,20181031,Right Side Center(RC)
106,236,False,3PT,Above the Break 3,25,0021800106,20181031,Right Side Center(RC)
-8,14,True,2PT,Restricted Area,1,0021800106,20181031,Center(C)
-5,14,False,2PT,Restricted Area,1,0021800106,20181031,Center(C)
14,21,False,2PT,Restricted Area,2,0021800106,20181031,Center(C)
106,62,False,2PT,Mid-Range,12,0021800106,20181031,Right Side(R)
0,5,True,2PT,Restricted Area,0,0021800106,20181031,Center(C)
0,39,False,2PT,Restricted Area,3,0021800106,20181031,Center(C)
230,-10,True,3PT,Right Corner 3,23,0021800106,20181031,Right Side(R)
4,10,True,2PT,Restricted Area,1,0021800106,20181031,Center(C)
-14,-3,False,2PT,Restricted Area,1,0021800106,20181031,Center(C)
15,42,False,2PT,In The Paint (Non-RA),4,0021800106,20181031,Center(C)
-5,2,True,2PT,Restricted Area,0,0021800106,20181031,Center(C)
2,2,True,2PT,Restricted Area,0,0021800106,20181031,Center(C)
-136,217,False,3PT,Above the Break 3,25,0021800106,20181031,Left Side Center(LC)
-131,176,True,2PT,Mid-Range,21,0021800106,20181031,Left Side Center(LC)
-28,12,True,2PT,Restricted Area,3,0021800106,20181031,Center(C)
-143,-1,True,2PT,Mid-Range,14,0021800106,20181031,Left Side(L)
-17,184,False,2PT,Mid-Range,18,0021800106,20181031,Center(C)
-1,37,False,2PT,Restricted Area,3,0021800106,20181031,Center(C)
-150,231,False,3PT,Above the Break 3,27,0021800106,20181031,Left Side Center(LC)
-11,10,True,2PT,Restricted Area,1,0021800106,20181031,Center(C)
128,81,False,2PT,Mid-Range,15,0021800106,20181031,Right Side(R)
-6,11,True,2PT,Restricted Area,1,0021800120,20181102,Center(C)
157,201,True,3PT,Above the Break 3,25,0021800120,20181102,Right Side Center(RC)
-8,6,False,2PT,Restricted Area,1,0021800120,20181102,Center(C)
6,257,False,3PT,Above the Break 3,25,0021800120,20181102,Center(C)
-76,192,False,2PT,Mid-Range,20,0021800120,20181102,Left Side Center(LC)
24,15,True,2PT,Restricted Area,2,0021800120,20181102,Center(C)
-222,41,False,3PT,Left Corner 3,22,0021800120,20181102,Left Side(L)
44,209,False,2PT,Mid-Range,21,0021800120,20181102,Center(C)
74,263,False,3PT,Above the Break 3,27,0021800120,20181102,Center(C)
95,237,False,3PT,Above the Break 3,25,0021800120,20181102,Right Side Center(RC)
138,8,False,2PT,Mid-Range,13,0021800120,20181102,Right Side(R)
-22,-1,False,2PT,Restricted Area,2,0021800120,20181102,Center(C)
10,5,True,2PT,Restricted Area,1,0021800120,20181102,Center(C)
-23,15,False,2PT,Restricted Area,2,0021800120,20181102,Center(C)
-35,59,True,2PT,In The Paint (Non-RA),6,0021800120,20181102,Center(C)
-12,1,True,2PT,Restricted Area,1,0021800120,20181102,Center(C)
84,238,True,3PT,Above the Break 3,25,0021800120,20181102,Right Side Center(RC)
-120,235,False,3PT,Above the Break 3,26,0021800120,20181102,Left Side Center(LC)
15,2,False,2PT,Restricted Area,1,0021800120,20181102,Center(C)
-6,37,False,2PT,Restricted Area,3,0021800120,20181102,Center(C)
143,-19,False,2PT,Mid-Range,14,0021800120,20181102,Right Side(R)
-6,5,True,2PT,Restricted Area,0,0021800129,20181103,Center(C)
-36,248,True,3PT,Above the Break 3,25,0021800129,20181103,Center(C)
-75,163,False,2PT,Mid-Range,17,0021800129,20181103,Left Side Center(LC)
-51,19,False,2PT,In The Paint (Non-RA),5,0021800129,20181103,Center(C)
-19,10,False,2PT,Restricted Area,2,0021800129,20181103,Center(C)
148,206,False,3PT,Above the Break 3,25,0021800129,20181103,Right Side Center(RC)
-231,16,False,3PT,Left Corner 3,23,0021800129,20181103,Left Side(L)
14,11,False,2PT,Restricted Area,1,0021800129,20181103,Center(C)
6,13,False,2PT,Restricted Area,1,0021800129,20181103,Center(C)
106,248,False,3PT,Above the Break 3,26,0021800129,20181103,Right Side Center(RC)
31,157,False,2PT,Mid-Range,16,0021800129,20181103,Center(C)
18,258,False,3PT,Above the Break 3,25,0021800129,20181103,Center(C)
-134,233,False,3PT,Above the Break 3,26,0021800129,20181103,Left Side Center(LC)
-3,12,True,2PT,Restricted Area,1,0021800129,20181103,Center(C)
40,272,False,3PT,Above the Break 3,27,0021800129,20181103,Center(C)
8,12,True,2PT,Restricted Area,1,0021800129,20181103,Center(C)
97,252,False,3PT,Above the Break 3,27,0021800143,20181105,Right Side Center(RC)
-2,10,True,2PT,Restricted Area,1,0021800143,20181105,Center(C)
-3,7,False,2PT,Restricted Area,0,0021800143,20181105,Center(C)
-7,10,False,2PT,Restricted Area,1,0021800143,20181105,Center(C)
-14,7,True,2PT,Restricted Area,1,0021800143,20181105,Center(C)
-172,180,True,3PT,Above the Break 3,24,0021800143,20181105,Left Side Center(LC)
-12,-3,True,2PT,Restricted Area,1,0021800143,20181105,Center(C)
-185,163,False,3PT,Above the Break 3,24,0021800143,20181105,Left Side Center(LC)
5,1,False,2PT,Restricted Area,0,0021800143,20181105,Center(C)
-13,8,True,2PT,Restricted Area,1,0021800143,20181105,Center(C)
94,236,False,3PT,Above the Break 3,25,0021800143,20181105,Right Side Center(RC)
7,55,True,2PT,In The Paint (Non-RA),5,0021800143,20181105,Center(C)
3,251,True,3PT,Above the Break 3,25,0021800143,20181105,Center(C)
74,252,True,3PT,Above the Break 3,26,0021800143,20181105,Center(C)
32,250,True,3PT,Above the Break 3,25,0021800143,20181105,Center(C)
70,205,False,2PT,Mid-Range,21,0021800143,20181105,Right Side Center(RC)
-4,250,False,3PT,Above the Break 3,25,0021800143,20181105,Center(C)
168,-7,False,2PT,Mid-Range,16,0021800143,20181105,Right Side(R)
18,251,False,3PT,Above the Break 3,25,0021800143,20181105,Center(C)
-73,25,True,2PT,In The Paint (Non-RA),7,0021800143,20181105,Center(C)
166,209,False,3PT,Above the Break 3,26,0021800143,20181105,Right Side Center(RC)
3,0,True,2PT,Restricted Area,0,0021800143,20181105,Center(C)
1,8,True,2PT,Restricted Area,0,0021800143,20181105,Center(C)
-6,0,True,2PT,Restricted Area,0,0021800143,20181105,Center(C)
132,31,False,2PT,Mid-Range,13,0021800143,20181105,Right Side(R)
-9,269,False,3PT,Above the Break 3,26,0021800159,20181107,Center(C)
15,195,False,2PT,Mid-Range,19,0021800159,20181107,Center(C)
-3,186,True,2PT,Mid-Range,18,0021800159,20181107,Center(C)
-149,155,True,2PT,Mid-Range,21,0021800159,20181107,Left Side Center(LC)
-155,216,True,3PT,Above the Break 3,26,0021800159,20181107,Left Side Center(LC)
11,10,True,2PT,Restricted Area,1,0021800159,20181107,Center(C)
-154,117,False,2PT,Mid-Range,19,0021800159,20181107,Left Side Center(LC)
-24,43,False,2PT,In The Paint (Non-RA),4,0021800159,20181107,Center(C)
-20,6,True,2PT,Restricted Area,2,0021800159,20181107,Center(C)
-23,13,False,2PT,Restricted Area,2,0021800159,20181107,Center(C)
15,267,False,3PT,Above the Break 3,26,0021800159,20181107,Center(C)
-131,126,False,2PT,Mid-Range,18,0021800159,20181107,Left Side Center(LC)
-16,15,True,2PT,Restricted Area,2,0021800159,20181107,Center(C)
-37,167,False,2PT,Mid-Range,17,0021800159,20181107,Center(C)
-10,3,False,2PT,Restricted Area,1,0021800159,20181107,Center(C)
27,-4,True,2PT,Restricted Area,2,0021800159,20181107,Center(C)
-16,3,True,2PT,Restricted Area,1,0021800159,20181107,Center(C)
-20,4,False,2PT,Restricted Area,2,0021800159,20181107,Center(C)
18,3,False,2PT,Restricted Area,1,0021800159,20181107,Center(C)
174,248,True,3PT,Above the Break 3,30,0021800159,20181107,Right Side Center(RC)
202,148,False,3PT,Above the Break 3,25,0021800159,20181107,Right Side Center(RC)
-55,143,False,2PT,Mid-Range,15,0021800159,20181107,Center(C)
-27,17,False,2PT,Restricted Area,3,0021800159,20181107,Center(C)
16,8,False,2PT,Restricted Area,1,0021800159,20181107,Center(C)
17,4,False,2PT,Restricted Area,1,0021800159,20181107,Center(C)
29,3,False,2PT,Restricted Area,2,0021800159,20181107,Center(C)
-48,73,False,2PT,In The Paint (Non-RA),8,0021800178,20181110,Left Side(L)
3,-1,True,2PT,Restricted Area,0,0021800178,20181110,Center(C)
-6,0,True,2PT,Restricted Area,0,0021800178,20181110,Center(C)
234,5,True,3PT,Right Corner 3,23,0021800178,20181110,Right Side(R)
83,240,False,3PT,Above the Break 3,25,0021800178,20181110,Right Side Center(RC)
-13,6,False,2PT,Restricted Area,1,0021800178,20181110,Center(C)
157,134,True,2PT,Mid-Range,20,0021800178,20181110,Right Side Center(RC)
-13,6,True,2PT,Restricted Area,1,0021800178,20181110,Center(C)
175,64,False,2PT,Mid-Range,18,0021800178,20181110,Right Side(R)
-79,236,False,3PT,Above the Break 3,24,0021800178,20181110,Left Side Center(LC)
19,13,True,2PT,Restricted Area,2,0021800178,20181110,Center(C)
-23,18,False,2PT,Restricted Area,2,0021800178,20181110,Center(C)
0,-6,True,2PT,Restricted Area,0,0021800178,20181110,Center(C)
2,64,False,2PT,In The Paint (Non-RA),6,0021800178,20181110,Center(C)
41,49,False,2PT,In The Paint (Non-RA),6,0021800178,20181110,Center(C)
-13,12,True,2PT,Restricted Area,1,0021800178,20181110,Center(C)
4,10,True,2PT,Restricted Area,1,0021800178,20181110,Center(C)
53,253,False,3PT,Above the Break 3,25,0021800178,20181110,Center(C)
-6,28,False,2PT,Restricted Area,2,0021800178,20181110,Center(C)
90,184,False,2PT,Mid-Range,20,0021800178,20181110,Right Side Center(RC)
-24,7,False,2PT,Restricted Area,2,0021800178,20181110,Center(C)
-96,189,False,2PT,Mid-Range,21,0021800178,20181110,Left Side Center(LC)
17,5,False,2PT,Restricted Area,1,0021800193,20181112,Center(C)
-92,243,False,3PT,Above the Break 3,25,0021800193,20181112,Left Side Center(LC)
23,9,False,2PT,Restricted Area,2,0021800193,20181112,Center(C)
88,282,False,3PT,Above the Break 3,29,0021800193,20181112,Center(C)
-8,5,True,2PT,Restricted Area,0,0021800193,20181112,Center(C)
-171,6,True,2PT,Mid-Range,17,0021800193,20181112,Left Side(L)
186,-16,False,2PT,Mid-Range,18,0021800193,20181112,Right Side(R)
1,15,True,2PT,Restricted Area,1,0021800193,20181112,Center(C)
103,190,False,2PT,Mid-Range,21,0021800193,20181112,Right Side Center(RC)
-8,130,True,2PT,In The Paint (Non-RA),13,0021800193,20181112,Center(C)
-198,1,True,2PT,Mid-Range,19,0021800193,20181112,Left Side(L)
-155,214,False,3PT,Above the Break 3,26,0021800193,20181112,Left Side Center(LC)
-5,5,True,2PT,Restricted Area,0,0021800193,20181112,Center(C)
-235,-17,False,3PT,Left Corner 3,23,0021800193,20181112,Left Side(L)
-28,62,False,2PT,In The Paint (Non-RA),6,0021800193,20181112,Center(C)
-142,71,False,2PT,Mid-Range,15,0021800193,20181112,Left Side(L)
-20,6,True,2PT,Restricted Area,2,0021800193,20181112,Center(C)
-82,188,False,2PT,Mid-Range,20,0021800193,20181112,Left Side Center(LC)
-2,163,False,2PT,Mid-Range,16,0021800193,20181112,Center(C)
-183,-21,False,2PT,Mid-Range,18,0021800193,20181112,Left Side(L)
-18,252,False,3PT,Above the Break 3,25,0021800193,20181112,Center(C)
-117,237,False,3PT,Above the Break 3,26,0021800193,20181112,Left Side Center(LC)
4,6,True,2PT,Restricted Area,0,0021800193,20181112,Center(C)
100,275,False,3PT,Above the Break 3,29,0021800204,20181114,Right Side Center(RC)
0,-6,True,2PT,Restricted Area,0,0021800204,20181114,Center(C)
-19,139,False,2PT,Mid-Range,14,0021800204,20181114,Center(C)
-32,15,True,2PT,Restricted Area,3,0021800204,20181114,Center(C)
-123,11,False,2PT,Mid-Range,12,0021800204,20181114,Left Side(L)
-27,38,False,2PT,In The Paint (Non-RA),4,0021800204,20181114,Center(C)
15,-5,False,2PT,Restricted Area,1,0021800204,20181114,Center(C)
-145,248,False,3PT,Above the Break 3,28,0021800204,20181114,Left Side Center(LC)
-24,12,False,2PT,Restricted Area,2,0021800204,20181114,Center(C)
3,13,True,2PT,Restricted Area,1,0021800204,20181114,Center(C)
22,6,False,2PT,Restricted Area,2,0021800204,20181114,Center(C)
-6,17,False,2PT,Restricted Area,1,0021800223,20181116,Center(C)
84,255,False,3PT,Above the Break 3,26,0021800223,20181116,Right Side Center(RC)
-3,9,True,2PT,Restricted Area,0,0021800223,20181116,Center(C)
25,-2,True,2PT,Restricted Area,2,0021800223,20181116,Center(C)
-75,185,False,2PT,Mid-Range,19,0021800223,20181116,Left Side Center(LC)
-3,32,True,2PT,Restricted Area,3,0021800223,20181116,Center(C)
-13,19,False,2PT,Restricted Area,2,0021800223,20181116,Center(C)
13,1,True,2PT,Restricted Area,1,0021800223,20181116,Center(C)
3,17,False,2PT,Restricted Area,1,0021800223,20181116,Center(C)
5,16,False,2PT,Restricted Area,1,0021800223,20181116,Center(C)
-71,130,False,2PT,In The Paint (Non-RA),14,0021800223,20181116,Center(C)
-105,95,False,2PT,Mid-Range,14,0021800223,20181116,Left Side(L)
-13,143,False,2PT,Mid-Range,14,0021800223,20181116,Center(C)
92,254,False,3PT,Above the Break 3,27,0021800223,20181116,Right Side Center(RC)
-229,18,True,3PT,Left Corner 3,22,0021800223,20181116,Left Side(L)
-55,263,False,3PT,Above the Break 3,26,0021800223,20181116,Center(C)
10,25,False,2PT,Restricted Area,2,0021800223,20181116,Center(C)
-2,2,True,2PT,Restricted Area,0,0021800223,20181116,Center(C)
127,2,False,2PT,Mid-Range,12,0021800223,20181116,Right Side(R)
54,268,False,3PT,Above the Break 3,27,0021800223,20181116,Center(C)
-85,236,False,3PT,Above the Break 3,25,0021800257,20181121,Left Side Center(LC)
9,183,False,2PT,Mid-Range,18,0021800257,20181121,Center(C)
-13,0,False,2PT,Restricted Area,1,0021800257,20181121,Center(C)
19,51,False,2PT,In The Paint (Non-RA),5,0021800257,20181121,Center(C)
193,166,False,3PT,Above the Break 3,25,0021800257,20181121,Right Side Center(RC)
6,13,True,2PT,Restricted Area,1,0021800257,20181121,Center(C)
19,14,True,2PT,Restricted Area,2,0021800257,20181121,Center(C)
-22,220,True,2PT,Mid-Range,22,0021800257,20181121,Center(C)
-30,204,True,2PT,Mid-Range,20,0021800257,20181121,Center(C)
6,2,True,2PT,Restricted Area,0,0021800257,20181121,Center(C)
-1,0,True,2PT,Restricted Area,0,0021800257,20181121,Center(C)
-106,122,False,2PT,Mid-Range,16,0021800257,20181121,Left Side Center(LC)
-6,215,False,2PT,Mid-Range,21,0021800257,20181121,Center(C)
15,8,True,2PT,Restricted Area,1,0021800257,20181121,Center(C)
10,4,True,2PT,Restricted Area,1,0021800257,20181121,Center(C)
-109,223,True,3PT,Above the Break 3,24,0021800257,20181121,Left Side Center(LC)
25,123,True,2PT,In The Paint (Non-RA),12,0021800257,20181121,Center(C)
27,42,False,2PT,In The Paint (Non-RA),4,0021800257,20181121,Center(C)
-137,238,False,3PT,Above the Break 3,27,0021800257,20181121,Left Side Center(LC)
-9,49,False,2PT,In The Paint (Non-RA),4,0021800257,20181121,Center(C)
14,-7,True,2PT,Restricted Area,1,0021800273,20181123,Center(C)
100,237,False,3PT,Above the Break 3,25,0021800273,20181123,Right Side Center(RC)
-2,15,False,2PT,Restricted Area,1,0021800273,20181123,Center(C)
20,14,True,2PT,Restricted Area,2,0021800273,20181123,Center(C)
-11,15,True,2PT,Restricted Area,1,0021800273,20181123,Center(C)
-54,29,False,2PT,In The Paint (Non-RA),6,0021800273,20181123,Center(C)
-105,-17,False,2PT,Mid-Range,10,0021800273,20181123,Left Side(L)
138,132,False,2PT,Mid-Range,19,0021800273,20181123,Right Side Center(RC)
3,258,True,3PT,Above the Break 3,25,0021800273,20181123,Center(C)
2,86,False,2PT,In The Paint (Non-RA),8,0021800273,20181123,Center(C)
147,92,False,2PT,Mid-Range,17,0021800273,20181123,Right Side(R)
133,1,True,2PT,Mid-Range,13,0021800273,20181123,Right Side(R)
-2,1,True,2PT,Restricted Area,0,0021800273,20181123,Center(C)
114,111,True,2PT,Mid-Range,15,0021800273,20181123,Right Side(R)
-110,151,True,2PT,Mid-Range,18,0021800273,20181123,Left Side Center(LC)
-77,160,False,2PT,Mid-Range,17,0021800273,20181123,Left Side Center(LC)
91,237,False,3PT,Above the Break 3,25,0021800273,20181123,Right Side Center(RC)
-20,7,False,2PT,Restricted Area,2,0021800273,20181123,Center(C)
-142,55,True,2PT,Mid-Range,15,0021800273,20181123,Left Side(L)
-43,201,True,2PT,Mid-Range,20,0021800273,20181123,Center(C)
-79,258,False,3PT,Above the Break 3,26,0021800273,20181123,Center(C)
-18,17,False,2PT,Restricted Area,2,0021800273,20181123,Center(C)
-36,12,False,2PT,Restricted Area,3,0021800273,20181123,Center(C)
18,12,False,2PT,Restricted Area,2,0021800273,20181123,Center(C)
-2,2,True,2PT,Restricted Area,0,0021800273,20181123,Center(C)
69,256,False,3PT,Above the Break 3,26,0021800273,20181123,Center(C)
-23,6,False,2PT,Restricted Area,2,0021800273,20181123,Center(C)
5,19,True,2PT,Restricted Area,1,0021800281,20181124,Center(C)
-24,199,False,2PT,Mid-Range,20,0021800281,20181124,Center(C)
8,5,True,2PT,Restricted Area,0,0021800281,20181124,Center(C)
-3,9,True,2PT,Restricted Area,0,0021800281,20181124,Center(C)
2,269,False,3PT,Above the Break 3,26,0021800281,20181124,Center(C)
-21,27,False,2PT,Restricted Area,3,0021800281,20181124,Center(C)
5,21,True,2PT,Restricted Area,2,0021800281,20181124,Center(C)
6,19,True,2PT,Restricted Area,1,0021800281,20181124,Center(C)
137,-16,True,2PT,Mid-Range,13,0021800281,20181124,Right Side(R)
-17,0,False,2PT,Restricted Area,1,0021800281,20181124,Center(C)
145,211,False,3PT,Above the Break 3,25,0021800281,20181124,Right Side Center(RC)
2,-1,True,2PT,Restricted Area,0,0021800281,20181124,Center(C)
-197,76,False,2PT,Mid-Range,21,0021800281,20181124,Left Side(L)
-5,6,True,2PT,Restricted Area,0,0021800281,20181124,Center(C)
31,247,False,3PT,Above the Break 3,24,0021800281,20181124,Center(C)
-6,23,False,2PT,Restricted Area,2,0021800281,20181124,Center(C)
-3,4,True,2PT,Restricted Area,0,0021800281,20181124,Center(C)
-16,191,True,2PT,Mid-Range,19,0021800297,20181126,Center(C)
116,21,True,2PT,Mid-Range,11,0021800297,20181126,Right Side(R)
127,90,False,2PT,Mid-Range,15,0021800297,20181126,Right Side(R)
-2,2,True,2PT,Restricted Area,0,0021800297,20181126,Center(C)
-32,167,False,2PT,Mid-Range,17,0021800297,20181126,Center(C)
-51,249,False,3PT,Above the Break 3,25,0021800297,20181126,Center(C)
-171,57,False,2PT,Mid-Range,18,0021800297,20181126,Left Side(L)
-77,268,True,3PT,Above the Break 3,27,0021800297,20181126,Center(C)
2,17,False,2PT,Restricted Area,1,0021800297,20181126,Center(C)
-62,210,False,2PT,Mid-Range,21,0021800297,20181126,Center(C)
-123,160,False,2PT,Mid-Range,20,0021800297,20181126,Left Side Center(LC)
11,6,False,2PT,Restricted Area,1,0021800297,20181126,Center(C)
7,111,False,2PT,In The Paint (Non-RA),11,0021800297,20181126,Center(C)
0,-6,True,2PT,Restricted Area,0,0021800297,20181126,Center(C)
-130,216,True,3PT,Above the Break 3,25,0021800297,20181126,Left Side Center(LC)
176,204,False,3PT,Above the Break 3,26,0021800297,20181126,Right Side Center(RC)
-13,20,False,2PT,Restricted Area,2,0021800297,20181126,Center(C)
-29,200,True,2PT,Mid-Range,20,0021800297,20181126,Center(C)
117,248,True,3PT,Above the Break 3,27,0021800297,20181126,Right Side Center(RC)
5,200,True,2PT,Mid-Range,20,0021800297,20181126,Center(C)
8,226,True,2PT,Mid-Range,22,0021800297,20181126,Center(C)
-139,237,False,3PT,Above the Break 3,27,0021800297,20181126,Left Side Center(LC)
-144,37,False,2PT,Mid-Range,14,0021800297,20181126,Left Side(L)
-220,26,False,3PT,Left Corner 3,22,0021800297,20181126,Left Side(L)
-98,94,False,2PT,Mid-Range,13,0021800297,20181126,Left Side(L)
1,250,False,3PT,Above the Break 3,25,0021800297,20181126,Center(C)
-85,152,True,2PT,Mid-Range,17,0021800310,20181128,Left Side Center(LC)
41,273,True,3PT,Above the Break 3,27,0021800310,20181128,Center(C)
1,11,True,2PT,Restricted Area,1,0021800310,20181128,Center(C)
161,130,True,2PT,Mid-Range,20,0021800310,20181128,Right Side Center(RC)
-156,226,False,3PT,Above the Break 3,27,0021800310,20181128,Left Side Center(LC)
2,40,False,2PT,In The Paint (Non-RA),4,0021800310,20181128,Center(C)
-8,-1,True,2PT,Restricted Area,0,0021800310,20181128,Center(C)
44,277,True,3PT,Above the Break 3,28,0021800310,20181128,Center(C)
28,193,False,2PT,Mid-Range,19,0021800310,20181128,Center(C)
-124,235,False,3PT,Above the Break 3,26,0021800310,20181128,Left Side Center(LC)
41,38,False,2PT,In The Paint (Non-RA),5,0021800310,20181128,Center(C)
-1,4,True,2PT,Restricted Area,0,0021800310,20181128,Center(C)
-234,-10,False,3PT,Left Corner 3,23,0021800310,20181128,Left Side(L)
-25,12,False,2PT,Restricted Area,2,0021800310,20181128,Center(C)
185,55,False,2PT,Mid-Range,19,0021800310,20181128,Right Side(R)
8,10,False,2PT,Restricted Area,1,0021800310,20181128,Center(C)
228,26,False,3PT,Right Corner 3,22,0021800310,20181128,Right Side(R)
2,6,True,2PT,Restricted Area,0,0021800310,20181128,Center(C)
-125,46,True,2PT,Mid-Range,13,0021800321,20181130,Left Side(L)
-128,144,True,2PT,Mid-Range,19,0021800321,20181130,Left Side Center(LC)
89,163,False,2PT,Mid-Range,18,0021800321,20181130,Right Side Center(RC)
-93,128,False,2PT,Mid-Range,15,0021800321,20181130,Left Side(L)
-128,5,False,2PT,Mid-Range,12,0021800321,20181130,Left Side(L)
-139,164,False,2PT,Mid-Range,21,0021800321,20181130,Left Side Center(LC)
58,162,False,2PT,Mid-Range,17,0021800321,20181130,Right Side Center(RC)
0,13,False,2PT,Restricted Area,1,0021800321,20181130,Center(C)
-4,16,True,2PT,Restricted Area,1,0021800321,20181130,Center(C)
32,10,False,2PT,Restricted Area,3,0021800321,20181130,Center(C)
16,5,False,2PT,Restricted Area,1,0021800321,20181130,Center(C)
-6,182,False,2PT,Mid-Range,18,0021800321,20181130,Center(C)
157,199,False,3PT,Above the Break 3,25,0021800334,20181201,Right Side Center(RC)
-7,1,True,2PT,Restricted Area,0,0021800334,20181201,Center(C)
-149,20,False,2PT,Mid-Range,15,0021800334,20181201,Left Side(L)
-2,5,True,2PT,Restricted Area,0,0021800334,20181201,Center(C)
-13,5,False,2PT,Restricted Area,1,0021800334,20181201,Center(C)
-231,42,True,3PT,Left Corner 3,23,0021800334,20181201,Left Side(L)
16,8,True,2PT,Restricted Area,1,0021800334,20181201,Center(C)
10,12,True,2PT,Restricted Area,1,0021800334,20181201,Center(C)
-229,17,False,3PT,Left Corner 3,22,0021800334,20181201,Left Side(L)
168,116,True,2PT,Mid-Range,20,0021800334,20181201,Right Side(R)
2,15,True,2PT,Restricted Area,1,0021800334,20181201,Center(C)
1,9,True,2PT,Restricted Area,0,0021800334,20181201,Center(C)
34,30,True,2PT,In The Paint (Non-RA),4,0021800334,20181201,Center(C)
99,236,True,3PT,Above the Break 3,25,0021800334,20181201,Right Side Center(RC)
-6,92,True,2PT,In The Paint (Non-RA),9,0021800334,20181201,Center(C)
9,271,False,3PT,Above the Break 3,27,0021800334,20181201,Center(C)
-47,51,False,2PT,In The Paint (Non-RA),6,0021800334,20181201,Center(C)
19,8,True,2PT,Restricted Area,2,0021800350,20181204,Center(C)
-19,6,False,2PT,Restricted Area,1,0021800350,20181204,Center(C)
-68,20,False,2PT,In The Paint (Non-RA),7,0021800350,20181204,Center(C)
230,105,False,3PT,Above the Break 3,25,0021800350,20181204,Right Side Center(RC)
-2,-3,True,2PT,Restricted Area,0,0021800350,20181204,Center(C)
-107,240,True,3PT,Above the Break 3,26,0021800350,20181204,Left Side Center(LC)
2,3,True,2PT,Restricted Area,0,0021800350,20181204,Center(C)
-5,19,True,2PT,Restricted Area,1,0021800350,20181204,Center(C)
0,24,False,2PT,Restricted Area,2,0021800350,20181204,Center(C)
8,5,True,2PT,Restricted Area,0,0021800350,20181204,Center(C)
-147,16,False,2PT,Mid-Range,14,0021800350,20181204,Left Side(L)
-4,-12,False,2PT,Restricted Area,1,0021800350,20181204,Center(C)
13,30,False,2PT,Restricted Area,3,0021800350,20181204,Center(C)
-141,234,False,3PT,Above the Break 3,27,0021800350,20181204,Left Side Center(LC)
3,9,False,2PT,Restricted Area,0,0021800350,20181204,Center(C)
-5,3,True,2PT,Restricted Area,0,0021800373,20181207,Center(C)
115,226,True,3PT,Above the Break 3,25,0021800373,20181207,Right Side Center(RC)
1,157,True,2PT,Mid-Range,15,0021800373,20181207,Center(C)
-48,240,False,3PT,Above the Break 3,24,0021800373,20181207,Center(C)
22,32,True,2PT,Restricted Area,3,0021800373,20181207,Center(C)
-227,-8,False,3PT,Left Corner 3,22,0021800373,20181207,Left Side(L)
17,3,False,2PT,Restricted Area,1,0021800373,20181207,Center(C)
-4,22,False,2PT,Restricted Area,2,0021800373,20181207,Center(C)
-15,-2,True,2PT,Restricted Area,1,0021800373,20181207,Center(C)
-39,185,False,2PT,Mid-Range,18,0021800373,20181207,Center(C)
-6,4,True,2PT,Restricted Area,0,0021800373,20181207,Center(C)
49,15,False,2PT,In The Paint (Non-RA),5,0021800373,20181207,Center(C)
-3,10,True,2PT,Restricted Area,1,0021800373,20181207,Center(C)
36,249,True,3PT,Above the Break 3,25,0021800373,20181207,Center(C)
-60,263,False,3PT,Above the Break 3,26,0021800373,20181207,Center(C)
-11,37,True,2PT,Restricted Area,3,0021800373,20181207,Center(C)
-41,206,True,2PT,Mid-Range,21,0021800373,20181207,Center(C)
16,11,False,2PT,Restricted Area,1,0021800373,20181207,Center(C)
-35,6,False,2PT,Restricted Area,3,0021800383,20181208,Center(C)
62,247,False,3PT,Above the Break 3,25,0021800383,20181208,Center(C)
-8,12,True,2PT,Restricted Area,1,0021800383,20181208,Center(C)
-7,11,True,2PT,Restricted Area,1,0021800383,20181208,Center(C)
2,6,True,2PT,Restricted Area,0,0021800383,20181208,Center(C)
-20,13,True,2PT,Restricted Area,2,0021800383,20181208,Center(C)
-5,5,True,2PT,Restricted Area,0,0021800394,20181210,Center(C)
-232,3,True,3PT,Left Corner 3,23,0021800394,20181210,Left Side(L)
-2,-8,True,2PT,Restricted Area,0,0021800394,20181210,Center(C)
-230,-11,True,3PT,Left Corner 3,23,0021800394,20181210,Left Side(L)
28,18,False,2PT,Restricted Area,3,0021800394,20181210,Center(C)
0,-6,True,2PT,Restricted Area,0,0021800394,20181210,Center(C)
-1,6,True,2PT,Restricted Area,0,0021800394,20181210,Center(C)
231,-8,False,3PT,Right Corner 3,23,0021800394,20181210,Right Side(R)
-87,264,True,3PT,Above the Break 3,27,0021800394,20181210,Left Side Center(LC)
-154,175,False,2PT,Mid-Range,23,0021800394,20181210,Left Side Center(LC)
-14,1,False,2PT,Restricted Area,1,0021800394,20181210,Center(C)
-103,256,False,3PT,Above the Break 3,27,0021800394,20181210,Left Side Center(LC)
-14,1,False,2PT,Restricted Area,1,0021800394,20181210,Center(C)
-107,235,True,3PT,Above the Break 3,25,0021800418,20181213,Left Side Center(LC)
122,229,False,3PT,Above the Break 3,25,0021800418,20181213,Right Side Center(RC)
-24,9,True,2PT,Restricted Area,2,0021800418,20181213,Center(C)
1,66,False,2PT,In The Paint (Non-RA),6,0021800418,20181213,Center(C)
-47,5,False,2PT,In The Paint (Non-RA),4,0021800418,20181213,Center(C)
-146,10,True,2PT,Mid-Range,14,0021800418,20181213,Left Side(L)
3,90,True,2PT,In The Paint (Non-RA),9,0021800418,20181213,Center(C)
-26,147,True,2PT,Mid-Range,14,0021800418,20181213,Center(C)
-129,179,True,2PT,Mid-Range,22,0021800418,20181213,Left Side Center(LC)
2,8,True,2PT,Restricted Area,0,0021800418,20181213,Center(C)
-138,231,True,3PT,Above the Break 3,26,0021800418,20181213,Left Side Center(LC)
184,107,True,2PT,Mid-Range,21,0021800418,20181213,Right Side(R)
33,146,False,2PT,Mid-Range,14,0021800418,20181213,Center(C)
3,17,False,2PT,Restricted Area,1,0021800418,20181213,Center(C)
-9,25,False,2PT,Restricted Area,2,0021800418,20181213,Center(C)
-122,133,True,2PT,Mid-Range,18,0021800418,20181213,Left Side Center(LC)
8,85,False,2PT,In The Paint (Non-RA),8,0021800418,20181213,Center(C)
6,43,False,2PT,In The Paint (Non-RA),4,0021800418,20181213,Center(C)
-180,0,False,2PT,Mid-Range,18,0021800507,20181226,Left Side(L)
12,6,True,2PT,Restricted Area,1,0021800507,20181226,Center(C)
57,248,True,3PT,Above the Break 3,25,0021800507,20181226,Center(C)
11,255,False,3PT,Above the Break 3,25,0021800507,20181226,Center(C)
172,198,True,3PT,Above the Break 3,26,0021800507,20181226,Right Side Center(RC)
106,231,True,3PT,Above the Break 3,25,0021800507,20181226,Right Side Center(RC)
-85,241,False,3PT,Above the Break 3,25,0021800507,20181226,Left Side Center(LC)
-23,194,False,2PT,Mid-Range,19,0021800507,20181226,Center(C)
40,125,True,2PT,In The Paint (Non-RA),13,0021800507,20181226,Center(C)
-143,232,False,3PT,Above the Break 3,27,0021800507,20181226,Left Side Center(LC)
14,2,True,2PT,Restricted Area,1,0021800507,20181226,Center(C)
-3,11,True,2PT,Restricted Area,1,0021800507,20181226,Center(C)
4,6,True,2PT,Restricted Area,0,0021800507,20181226,Center(C)
-78,53,False,2PT,In The Paint (Non-RA),9,0021800507,20181226,Left Side(L)
-120,300,False,3PT,Above the Break 3,32,0021800507,20181226,Left Side Center(LC)
14,6,True,2PT,Restricted Area,1,0021800507,20181226,Center(C)
11,0,True,2PT,Restricted Area,1,0021800507,20181226,Center(C)
231,47,False,3PT,Right Corner 3,23,0021800520,20181228,Right Side(R)
14,8,True,2PT,Restricted Area,1,0021800520,20181228,Center(C)
-33,31,False,2PT,In The Paint (Non-RA),4,0021800520,20181228,Center(C)
14,63,False,2PT,In The Paint (Non-RA),6,0021800520,20181228,Center(C)
119,239,True,3PT,Above the Break 3,26,0021800520,20181228,Right Side Center(RC)
39,250,True,3PT,Above the Break 3,25,0021800520,20181228,Center(C)
16,8,True,2PT,Restricted Area,1,0021800520,20181228,Center(C)
101,195,False,2PT,Mid-Range,21,0021800520,20181228,Right Side Center(RC)
174,218,True,3PT,Above the Break 3,27,0021800520,20181228,Right Side Center(RC)
-8,9,True,2PT,Restricted Area,1,0021800520,20181228,Center(C)
-89,153,False,2PT,Mid-Range,17,0021800520,20181228,Left Side Center(LC)
-4,17,True,2PT,Restricted Area,1,0021800520,20181228,Center(C)
-145,256,False,3PT,Above the Break 3,29,0021800538,20181230,Left Side Center(LC)
-8,13,False,2PT,Restricted Area,1,0021800538,20181230,Center(C)
20,8,False,2PT,Restricted Area,2,0021800538,20181230,Center(C)
-24,23,False,2PT,Restricted Area,3,0021800538,20181230,Center(C)
-12,8,True,2PT,Restricted Area,1,0021800538,20181230,Center(C)
9,11,False,2PT,Restricted Area,1,0021800538,20181230,Center(C)
-12,10,False,2PT,Restricted Area,1,0021800538,20181230,Center(C)
-2,8,True,2PT,Restricted Area,0,0021800538,20181230,Center(C)
137,126,True,2PT,Mid-Range,18,0021800538,20181230,Right Side Center(RC)
-69,250,False,3PT,Above the Break 3,25,0021800538,20181230,Center(C)
-68,246,False,3PT,Above the Break 3,25,0021800538,20181230,Center(C)
-69,183,False,2PT,Mid-Range,19,0021800538,20181230,Left Side Center(LC)
19,-5,False,2PT,Restricted Area,1,0021800538,20181230,Center(C)
-25,0,False,2PT,Restricted Area,2,0021800538,20181230,Center(C)
1,159,False,2PT,Mid-Range,15,0021800538,20181230,Center(C)
-29,1,False,2PT,Restricted Area,2,0021800538,20181230,Center(C)
9,1,False,2PT,Restricted Area,0,0021800538,20181230,Center(C)
-163,199,False,3PT,Above the Break 3,25,0021800559,20190102,Left Side Center(LC)
18,13,True,2PT,Restricted Area,2,0021800559,20190102,Center(C)
-42,171,True,2PT,Mid-Range,17,0021800559,20190102,Center(C)
6,16,False,2PT,Restricted Area,1,0021800559,20190102,Center(C)
8,6,True,2PT,Restricted Area,1,0021800559,20190102,Center(C)
-18,11,False,2PT,Restricted Area,2,0021800559,20190102,Center(C)
-8,6,True,2PT,Restricted Area,1,0021800559,20190102,Center(C)
36,1,False,2PT,Restricted Area,3,0021800559,20190102,Center(C)
-14,0,True,2PT,Restricted Area,1,0021800559,20190102,Center(C)
16,5,True,2PT,Restricted Area,1,0021800559,20190102,Center(C)
-138,215,True,3PT,Above the Break 3,25,0021800569,20190104,Left Side Center(LC)
197,-10,True,2PT,Mid-Range,19,0021800569,20190104,Right Side(R)
-2,0,True,2PT,Restricted Area,0,0021800569,20190104,Center(C)
237,16,True,3PT,Right Corner 3,23,0021800569,20190104,Right Side(R)
-60,219,True,2PT,Mid-Range,22,0021800569,20190104,Center(C)
-225,-17,False,3PT,Left Corner 3,22,0021800569,20190104,Left Side(L)
87,246,True,3PT,Above the Break 3,26,0021800569,20190104,Right Side Center(RC)
-115,235,False,3PT,Above the Break 3,26,0021800569,20190104,Left Side Center(LC)
-39,31,False,2PT,In The Paint (Non-RA),4,0021800569,20190104,Center(C)
-13,25,False,2PT,Restricted Area,2,0021800569,20190104,Center(C)
-8,175,False,2PT,Mid-Range,17,0021800569,20190104,Center(C)
3,5,True,2PT,Restricted Area,0,0021800569,20190104,Center(C)
-60,249,False,3PT,Above the Break 3,25,0021800569,20190104,Center(C)
6,7,False,2PT,Restricted Area,0,0021800569,20190104,Center(C)
8,6,True,2PT,Restricted Area,1,0021800569,20190104,Center(C)
112,231,False,3PT,Above the Break 3,25,0021800569,20190104,Right Side Center(RC)
-14,4,True,2PT,Restricted Area,1,0021800569,20190104,Center(C)
-96,267,True,3PT,Above the Break 3,28,0021800569,20190104,Left Side Center(LC)
-93,268,True,3PT,Above the Break 3,28,0021800569,20190104,Left Side Center(LC)
-101,80,False,2PT,Mid-Range,12,0021800569,20190104,Left Side(L)
-193,-9,True,2PT,Mid-Range,19,0021800569,20190104,Left Side(L)
-20,12,False,2PT,Restricted Area,2,0021800584,20190106,Center(C)
-18,6,False,2PT,Restricted Area,1,0021800584,20190106,Center(C)
78,244,True,3PT,Above the Break 3,25,0021800584,20190106,Center(C)
4,7,True,2PT,Restricted Area,0,0021800584,20190106,Center(C)
-9,7,True,2PT,Restricted Area,1,0021800584,20190106,Center(C)
-20,-4,True,2PT,Restricted Area,2,0021800584,20190106,Center(C)
-19,1,True,2PT,Restricted Area,1,0021800584,20190106,Center(C)
-142,216,True,3PT,Above the Break 3,25,0021800584,20190106,Left Side Center(LC)
11,8,True,2PT,Restricted Area,1,0021800584,20190106,Center(C)
-17,10,False,2PT,Restricted Area,1,0021800584,20190106,Center(C)
-19,25,False,2PT,Restricted Area,3,0021800584,20190106,Center(C)
-64,161,False,2PT,Mid-Range,17,0021800584,20190106,Left Side Center(LC)
-13,8,True,2PT,Restricted Area,1,0021800584,20190106,Center(C)
-6,4,True,2PT,Restricted Area,0,0021800584,20190106,Center(C)
-4,10,True,2PT,Restricted Area,1,0021800584,20190106,Center(C)
5,58,False,2PT,In The Paint (Non-RA),5,0021800584,20190106,Center(C)
-18,14,True,2PT,Restricted Area,2,0021800584,20190106,Center(C)
8,-1,False,2PT,Restricted Area,0,0021800615,20190109,Center(C)
-16,5,False,2PT,Restricted Area,1,0021800615,20190109,Center(C)
-63,44,True,2PT,In The Paint (Non-RA),7,0021800615,20190109,Center(C)
-164,195,True,3PT,Above the Break 3,25,0021800615,20190109,Left Side Center(LC)
-7,-6,True,2PT,Restricted Area,0,0021800615,20190109,Center(C)
95,272,True,3PT,Above the Break 3,28,0021800615,20190109,Right Side Center(RC)
-78,143,False,2PT,Mid-Range,16,0021800615,20190109,Left Side Center(LC)
18,4,False,2PT,Restricted Area,1,0021800615,20190109,Center(C)
-84,143,True,2PT,Mid-Range,16,0021800615,20190109,Left Side Center(LC)
11,15,True,2PT,Restricted Area,1,0021800615,20190109,Center(C)
185,-12,False,2PT,Mid-Range,18,0021800615,20190109,Right Side(R)
6,36,False,2PT,Restricted Area,3,0021800615,20190109,Center(C)
-16,6,False,2PT,Restricted Area,1,0021800615,20190109,Center(C)
-32,11,False,2PT,Restricted Area,3,0021800615,20190109,Center(C)
-15,11,False,2PT,Restricted Area,1,0021800615,20190109,Center(C)
81,239,False,3PT,Above the Break 3,25,0021800615,20190109,Right Side Center(RC)
149,198,False,3PT,Above the Break 3,24,0021800615,20190109,Right Side Center(RC)
-18,5,False,2PT,Restricted Area,1,0021800615,20190109,Center(C)
66,281,False,3PT,Above the Break 3,28,0021800615,20190109,Center(C)
5,21,True,2PT,Restricted Area,2,0021800629,20190111,Center(C)
-134,249,False,3PT,Above the Break 3,28,0021800629,20190111,Left Side Center(LC)
-19,48,False,2PT,In The Paint (Non-RA),5,0021800629,20190111,Center(C)
-8,15,True,2PT,Restricted Area,1,0021800629,20190111,Center(C)
16,18,True,2PT,Restricted Area,2,0021800629,20190111,Center(C)
4,20,True,2PT,Restricted Area,2,0021800629,20190111,Center(C)
-192,207,True,3PT,Above the Break 3,28,0021800629,20190111,Left Side Center(LC)
9,18,True,2PT,Restricted Area,2,0021800629,20190111,Center(C)
9,37,True,2PT,Restricted Area,3,0021800629,20190111,Center(C)
-147,236,True,3PT,Above the Break 3,27,0021800629,20190111,Left Side Center(LC)
-150,262,False,3PT,Above the Break 3,30,0021800629,20190111,Left Side Center(LC)
168,206,True,3PT,Above the Break 3,26,0021800629,20190111,Right Side Center(RC)
-4,56,False,2PT,In The Paint (Non-RA),5,0021800629,20190111,Center(C)
-139,118,True,2PT,Mid-Range,18,0021800629,20190111,Left Side Center(LC)
62,178,False,2PT,Mid-Range,18,0021800629,20190111,Right Side Center(RC)
43,55,False,2PT,In The Paint (Non-RA),6,0021800629,20190111,Center(C)
-46,199,False,2PT,Mid-Range,20,0021800637,20190112,Center(C)
24,6,True,2PT,Restricted Area,2,0021800637,20190112,Center(C)
25,13,False,2PT,Restricted Area,2,0021800637,20190112,Center(C)
25,7,False,2PT,Restricted Area,2,0021800637,20190112,Center(C)
-230,101,True,3PT,Above the Break 3,25,0021800637,20190112,Left Side Center(LC)
-121,288,False,3PT,Above the Break 3,31,0021800637,20190112,Left Side Center(LC)
-27,18,False,2PT,Restricted Area,3,0021800637,20190112,Center(C)
15,264,True,3PT,Above the Break 3,26,0021800637,20190112,Center(C)
5,13,False,2PT,Restricted Area,1,0021800637,20190112,Center(C)
-10,-1,True,2PT,Restricted Area,1,0021800637,20190112,Center(C)
203,145,False,3PT,Above the Break 3,24,0021800637,20190112,Right Side Center(RC)
-21,0,False,2PT,Restricted Area,2,0021800637,20190112,Center(C)
25,34,False,2PT,In The Paint (Non-RA),4,0021800637,20190112,Center(C)
-157,10,False,2PT,Mid-Range,15,0021800637,20190112,Left Side(L)
50,239,False,3PT,Above the Break 3,24,0021800637,20190112,Center(C)
30,-1,True,2PT,Restricted Area,3,0021800637,20190112,Center(C)
-26,14,False,2PT,Restricted Area,2,0021800637,20190112,Center(C)
27,251,False,3PT,Above the Break 3,25,0021800637,20190112,Center(C)
20,4,True,2PT,Restricted Area,2,0021800637,20190112,Center(C)
17,8,True,2PT,Restricted Area,1,0021800637,20190112,Center(C)
172,193,False,3PT,Above the Break 3,25,0021800637,20190112,Right Side Center(RC)
-11,20,False,2PT,Restricted Area,2,0021800656,20190115,Center(C)
0,-6,True,2PT,Restricted Area,0,0021800656,20190115,Center(C)
99,261,False,3PT,Above the Break 3,27,0021800656,20190115,Right Side Center(RC)
14,11,False,2PT,Restricted Area,1,0021800656,20190115,Center(C)
11,34,False,2PT,Restricted Area,3,0021800656,20190115,Center(C)
-63,162,True,2PT,Mid-Range,17,0021800656,20190115,Left Side Center(LC)
-192,6,True,2PT,Mid-Range,19,0021800656,20190115,Left Side(L)
-98,238,True,3PT,Above the Break 3,25,0021800656,20190115,Left Side Center(LC)
21,32,False,2PT,Restricted Area,3,0021800656,20190115,Center(C)
-183,222,False,3PT,Above the Break 3,28,0021800656,20190115,Left Side Center(LC)
-232,5,False,3PT,Left Corner 3,23,0021800656,20190115,Left Side(L)
168,26,False,2PT,Mid-Range,17,0021800669,20190117,Right Side(R)
-169,193,False,3PT,Above the Break 3,25,0021800669,20190117,Left Side Center(LC)
-27,25,False,2PT,Restricted Area,3,0021800669,20190117,Center(C)
-159,36,False,2PT,Mid-Range,16,0021800669,20190117,Left Side(L)
-51,22,False,2PT,In The Paint (Non-RA),5,0021800669,20190117,Center(C)
-203,147,False,3PT,Above the Break 3,25,0021800669,20190117,Left Side Center(LC)
24,25,False,2PT,Restricted Area,3,0021800669,20190117,Center(C)
17,25,False,2PT,Restricted Area,3,0021800669,20190117,Center(C)
24,31,True,2PT,Restricted Area,3,0021800669,20190117,Center(C)
50,258,False,3PT,Above the Break 3,26,0021800669,20190117,Center(C)
-9,61,False,2PT,In The Paint (Non-RA),6,0021800669,20190117,Center(C)
-31,192,True,2PT,Mid-Range,19,0021800669,20190117,Center(C)
-4,9,True,2PT,Restricted Area,0,0021800669,20190117,Center(C)
14,6,False,2PT,Restricted Area,1,0021800669,20190117,Center(C)
18,15,True,2PT,Restricted Area,2,0021800669,20190117,Center(C)
-98,180,False,2PT,Mid-Range,20,0021800685,20190119,Left Side Center(LC)
22,10,True,2PT,Restricted Area,2,0021800685,20190119,Center(C)
46,66,False,2PT,In The Paint (Non-RA),8,0021800685,20190119,Right Side(R)
-167,179,True,3PT,Above the Break 3,24,0021800685,20190119,Left Side Center(LC)
139,227,True,3PT,Above the Break 3,26,0021800685,20190119,Right Side Center(RC)
130,230,False,3PT,Above the Break 3,26,0021800685,20190119,Right Side Center(RC)
13,8,False,2PT,Restricted Area,1,0021800685,20190119,Center(C)
112,241,False,3PT,Above the Break 3,26,0021800685,20190119,Right Side Center(RC)
-22,14,False,2PT,Restricted Area,2,0021800685,20190119,Center(C)
-106,228,False,3PT,Above the Break 3,25,0021800685,20190119,Left Side Center(LC)
-11,168,False,2PT,Mid-Range,16,0021800685,20190119,Center(C)
52,28,True,2PT,In The Paint (Non-RA),5,0021800685,20190119,Center(C)
-3,189,True,2PT,Mid-Range,18,0021800685,20190119,Center(C)
-23,-4,False,2PT,Restricted Area,2,0021800685,20190119,Center(C)
-8,2,True,2PT,Restricted Area,0,0021800685,20190119,Center(C)
58,246,False,3PT,Above the Break 3,25,0021800685,20190119,Center(C)
-16,5,True,2PT,Restricted Area,1,0021800685,20190119,Center(C)
20,20,False,2PT,Restricted Area,2,0021800685,20190119,Center(C)
-228,76,False,3PT,Left Corner 3,24,0021800685,20190119,Left Side(L)
4,0,False,2PT,Restricted Area,0,0021800692,20190121,Center(C)
-3,0,False,2PT,Restricted Area,0,0021800692,20190121,Center(C)
-2,-11,True,2PT,Restricted Area,1,0021800692,20190121,Center(C)
-110,17,False,2PT,Mid-Range,11,0021800692,20190121,Left Side(L)
11,-14,True,2PT,Restricted Area,1,0021800692,20190121,Center(C)
5,6,False,2PT,Restricted Area,0,0021800692,20190121,Center(C)
217,112,True,3PT,Above the Break 3,24,0021800692,20190121,Right Side Center(RC)
-226,62,False,3PT,Left Corner 3,23,0021800692,20190121,Left Side(L)
65,190,True,2PT,Mid-Range,20,0021800692,20190121,Right Side Center(RC)
0,11,True,2PT,Restricted Area,1,0021800692,20190121,Center(C)
125,255,True,3PT,Above the Break 3,28,0021800692,20190121,Right Side Center(RC)
232,163,False,3PT,Above the Break 3,28,0021800692,20190121,Right Side Center(RC)
-226,98,False,3PT,Above the Break 3,24,0021800692,20190121,Left Side Center(LC)
13,3,True,2PT,Restricted Area,1,0021800692,20190121,Center(C)
6,8,True,2PT,Restricted Area,1,0021800692,20190121,Center(C)
-81,248,True,3PT,Above the Break 3,26,0021800692,20190121,Left Side Center(LC)
74,193,False,2PT,Mid-Range,20,0021800712,20190123,Right Side Center(RC)
9,8,True,2PT,Restricted Area,1,0021800712,20190123,Center(C)
196,43,False,2PT,Mid-Range,20,0021800712,20190123,Right Side(R)
-5,5,True,2PT,Restricted Area,0,0021800712,20190123,Center(C)
163,205,True,3PT,Above the Break 3,26,0021800712,20190123,Right Side Center(RC)
36,262,False,3PT,Above the Break 3,26,0021800712,20190123,Center(C)
134,219,False,3PT,Above the Break 3,25,0021800712,20190123,Right Side Center(RC)
25,27,False,2PT,Restricted Area,3,0021800712,20190123,Center(C)
-9,14,True,2PT,Restricted Area,1,0021800712,20190123,Center(C)
227,-11,False,3PT,Right Corner 3,22,0021800712,20190123,Right Side(R)
4,0,True,2PT,Restricted Area,0,0021800712,20190123,Center(C)
-51,157,False,2PT,Mid-Range,16,0021800712,20190123,Center(C)
128,57,False,2PT,Mid-Range,14,0021800712,20190123,Right Side(R)
-234,-14,True,3PT,Left Corner 3,23,0021800712,20190123,Left Side(L)
-121,236,False,3PT,Above the Break 3,26,0021800712,20190123,Left Side Center(LC)
23,9,False,2PT,Restricted Area,2,0021800723,20190125,Center(C)
1,6,True,2PT,Restricted Area,0,0021800723,20190125,Center(C)
-81,232,False,3PT,Above the Break 3,24,0021800723,20190125,Left Side Center(LC)
0,3,True,2PT,Restricted Area,0,0021800723,20190125,Center(C)
6,166,True,2PT,Mid-Range,16,0021800723,20190125,Center(C)
0,1,True,2PT,Restricted Area,0,0021800723,20190125,Center(C)
0,-6,True,2PT,Restricted Area,0,0021800723,20190125,Center(C)
-20,2,True,2PT,Restricted Area,2,0021800723,20190125,Center(C)
-29,15,False,2PT,Restricted Area,3,0021800723,20190125,Center(C)
182,174,False,3PT,Above the Break 3,25,0021800723,20190125,Right Side Center(RC)
-20,-3,True,2PT,Restricted Area,2,0021800723,20190125,Center(C)
-126,239,False,3PT,Above the Break 3,27,0021800723,20190125,Left Side Center(LC)
-54,153,False,2PT,Mid-Range,16,0021800723,20190125,Left Side Center(LC)
-99,242,True,3PT,Above the Break 3,26,0021800723,20190125,Left Side Center(LC)
120,226,True,3PT,Above the Break 3,25,0021800723,20190125,Right Side Center(RC)
16,1,False,2PT,Restricted Area,1,0021800723,20190125,Center(C)
-57,267,False,3PT,Above the Break 3,27,0021800723,20190125,Center(C)
-6,10,True,2PT,Restricted Area,1,0021800723,20190125,Center(C)
-28,267,False,3PT,Above the Break 3,26,0021800723,20190125,Center(C)
14,2,False,2PT,Restricted Area,1,0021800723,20190125,Center(C)
136,13,False,2PT,Mid-Range,13,0021800735,20190127,Right Side(R)
-8,216,True,2PT,Mid-Range,21,0021800735,20190127,Center(C)
-30,5,True,2PT,Restricted Area,3,0021800735,20190127,Center(C)
5,2,False,2PT,Restricted Area,0,0021800735,20190127,Center(C)
-18,2,False,2PT,Restricted Area,1,0021800735,20190127,Center(C)
8,12,True,2PT,Restricted Area,1,0021800735,20190127,Center(C)
2,42,True,2PT,In The Paint (Non-RA),4,0021800735,20190127,Center(C)
-188,33,False,2PT,Mid-Range,19,0021800735,20190127,Left Side(L)
-143,289,False,3PT,Above the Break 3,32,0021800735,20190127,Left Side Center(LC)
0,6,True,2PT,Restricted Area,0,0021800735,20190127,Center(C)
44,213,False,2PT,Mid-Range,21,0021800735,20190127,Center(C)
-78,21,False,2PT,In The Paint (Non-RA),8,0021800735,20190127,Left Side(L)
-91,234,False,3PT,Above the Break 3,25,0021800735,20190127,Left Side Center(LC)
202,151,False,3PT,Above the Break 3,25,0021800735,20190127,Right Side Center(RC)
0,-6,True,2PT,Restricted Area,0,0021800735,20190127,Center(C)
7,15,False,2PT,Restricted Area,1,0021800735,20190127,Center(C)
-123,210,False,3PT,Above the Break 3,24,0021800735,20190127,Left Side Center(LC)
-16,22,False,2PT,Restricted Area,2,0021800752,20190129,Center(C)
0,-6,True,2PT,Restricted Area,0,0021800752,20190129,Center(C)
-29,248,False,3PT,Above the Break 3,24,0021800752,20190129,Center(C)
10,8,False,2PT,Restricted Area,1,0021800752,20190129,Center(C)
-6,1,True,2PT,Restricted Area,0,0021800752,20190129,Center(C)
-17,10,True,2PT,Restricted Area,1,0021800752,20190129,Center(C)
11,136,True,2PT,In The Paint (Non-RA),13,0021800752,20190129,Center(C)
89,239,True,3PT,Above the Break 3,25,0021800752,20190129,Right Side Center(RC)
-7,57,True,2PT,In The Paint (Non-RA),5,0021800752,20190129,Center(C)
-83,12,False,2PT,Mid-Range,8,0021800752,20190129,Left Side(L)
-11,43,True,2PT,In The Paint (Non-RA),4,0021800752,20190129,Center(C)
0,249,False,3PT,Above the Break 3,24,0021800752,20190129,Center(C)
-91,16,False,2PT,Mid-Range,9,0021800752,20190129,Left Side(L)
128,120,False,2PT,Mid-Range,17,0021800752,20190129,Right Side Center(RC)
-15,51,True,2PT,In The Paint (Non-RA),5,0021800752,20190129,Center(C)
-75,30,True,2PT,In The Paint (Non-RA),8,0021800752,20190129,Left Side(L)
2,-6,False,2PT,Restricted Area,0,0021800752,20190129,Center(C)
68,246,False,3PT,Above the Break 3,25,0021800752,20190129,Center(C)
25,14,True,2PT,Restricted Area,2,0021800752,20190129,Center(C)
7,8,True,2PT,Restricted Area,1,0021800752,20190129,Center(C)
-125,142,True,2PT,Mid-Range,18,0021800776,20190202,Left Side Center(LC)
20,16,False,2PT,Restricted Area,2,0021800776,20190202,Center(C)
10,10,True,2PT,Restricted Area,1,0021800776,20190202,Center(C)
-147,226,False,3PT,Above the Break 3,26,0021800776,20190202,Left Side Center(LC)
131,131,False,2PT,Mid-Range,18,0021800776,20190202,Right Side Center(RC)
-42,176,True,2PT,Mid-Range,18,0021800776,20190202,Center(C)
-4,9,True,2PT,Restricted Area,0,0021800776,20190202,Center(C)
-25,166,False,2PT,Mid-Range,16,0021800776,20190202,Center(C)
-10,0,True,2PT,Restricted Area,1,0021800776,20190202,Center(C)
-38,21,False,2PT,In The Paint (Non-RA),4,0021800776,20190202,Center(C)
23,13,True,2PT,Restricted Area,2,0021800776,20190202,Center(C)
-194,151,True,3PT,Above the Break 3,24,0021800776,20190202,Left Side Center(LC)
147,166,True,2PT,Mid-Range,22,0021800805,20190206,Right Side Center(RC)
34,251,True,3PT,Above the Break 3,25,0021800805,20190206,Center(C)
180,190,True,3PT,Above the Break 3,26,0021800805,20190206,Right Side Center(RC)
100,245,False,3PT,Above the Break 3,26,0021800805,20190206,Right Side Center(RC)
-13,10,True,2PT,Restricted Area,1,0021800805,20190206,Center(C)
181,466,False,3PT,Backcourt,49,0021800805,20190206,Back Court(BC)
125,184,True,2PT,Mid-Range,22,0021800805,20190206,Right Side Center(RC)
73,122,False,2PT,In The Paint (Non-RA),14,0021800805,20190206,Right Side(R)
-226,-18,True,3PT,Left Corner 3,22,0021800805,20190206,Left Side(L)
34,253,False,3PT,Above the Break 3,25,0021800805,20190206,Center(C)
-136,31,False,2PT,Mid-Range,13,0021800805,20190206,Left Side(L)
-5,10,True,2PT,Restricted Area,1,0021800805,20190206,Center(C)
152,11,False,2PT,Mid-Range,15,0021800805,20190206,Right Side(R)
0,54,False,2PT,In The Paint (Non-RA),5,0021800805,20190206,Center(C)
8,253,False,3PT,Above the Break 3,25,0021800805,20190206,Center(C)
-9,25,False,2PT,Restricted Area,2,0021800805,20190206,Center(C)
152,216,False,3PT,Above the Break 3,26,0021800805,20190206,Right Side Center(RC)
-1,7,True,2PT,Restricted Area,0,0021800805,20190206,Center(C)
-159,-3,False,2PT,Mid-Range,15,0021800805,20190206,Left Side(L)
3,5,True,2PT,Restricted Area,0,0021800805,20190206,Center(C)
2,15,True,2PT,Restricted Area,1,0021800805,20190206,Center(C)
-24,8,True,2PT,Restricted Area,2,0021800820,20190208,Center(C)
-51,84,True,2PT,In The Paint (Non-RA),9,0021800820,20190208,Left Side(L)
2,10,True,2PT,Restricted Area,1,0021800820,20190208,Center(C)
0,116,False,2PT,In The Paint (Non-RA),11,0021800820,20190208,Center(C)
-2,13,True,2PT,Restricted Area,1,0021800820,20190208,Center(C)
-90,146,False,2PT,Mid-Range,17,0021800820,20190208,Left Side Center(LC)
-27,10,True,2PT,Restricted Area,2,0021800820,20190208,Center(C)
11,8,False,2PT,Restricted Area,1,0021800820,20190208,Center(C)
-18,252,True,3PT,Above the Break 3,25,0021800820,20190208,Center(C)
-9,52,False,2PT,In The Paint (Non-RA),5,0021800820,20190208,Center(C)
-24,174,True,2PT,Mid-Range,17,0021800820,20190208,Center(C)
-71,143,False,2PT,Mid-Range,15,0021800820,20190208,Center(C)
6,262,False,3PT,Above the Break 3,26,0021800820,20190208,Center(C)
20,20,True,2PT,Restricted Area,2,0021800820,20190208,Center(C)
18,8,True,2PT,Restricted Area,1,0021800820,20190208,Center(C)
18,11,True,2PT,Restricted Area,2,0021800820,20190208,Center(C)
-37,61,False,2PT,In The Paint (Non-RA),7,0021800820,20190208,Center(C)
-21,14,True,2PT,Restricted Area,2,0021800830,20190209,Center(C)
22,51,False,2PT,In The Paint (Non-RA),5,0021800830,20190209,Center(C)
0,-6,True,2PT,Restricted Area,0,0021800830,20190209,Center(C)
22,194,True,2PT,Mid-Range,19,0021800830,20190209,Center(C)
8,1,True,2PT,Restricted Area,0,0021800830,20190209,Center(C)
32,258,False,3PT,Above the Break 3,25,0021800830,20190209,Center(C)
222,-19,False,3PT,Right Corner 3,22,0021800830,20190209,Right Side(R)
3,18,False,2PT,Restricted Area,1,0021800830,20190209,Center(C)
-18,7,True,2PT,Restricted Area,1,0021800830,20190209,Center(C)
3,13,True,2PT,Restricted Area,1,0021800830,20190209,Center(C)
-62,116,True,2PT,In The Paint (Non-RA),13,0021800830,20190209,Center(C)
9,42,False,2PT,In The Paint (Non-RA),4,0021800830,20190209,Center(C)
-186,167,False,3PT,Above the Break 3,24,0021800830,20190209,Left Side Center(LC)
-2,-5,True,2PT,Restricted Area,0,0021800830,20190209,Center(C)
-14,-1,True,2PT,Restricted Area,1,0021800830,20190209,Center(C)
16,4,True,2PT,Restricted Area,1,0021800830,20190209,Center(C)
-2,2,True,2PT,Restricted Area,0,0021800830,20190209,Center(C)
-60,116,False,2PT,In The Paint (Non-RA),13,0021800843,20190211,Center(C)
-18,2,True,2PT,Restricted Area,1,0021800843,20190211,Center(C)
-14,2,False,2PT,Restricted Area,1,0021800843,20190211,Center(C)
-13,4,True,2PT,Restricted Area,1,0021800843,20190211,Center(C)
-239,-29,True,3PT,Left Corner 3,24,0021800843,20190211,Left Side(L)
100,227,True,3PT,Above the Break 3,24,0021800843,20190211,Right Side Center(RC)
13,-8,True,2PT,Restricted Area,1,0021800843,20190211,Center(C)
120,225,True,3PT,Above the Break 3,25,0021800843,20190211,Right Side Center(RC)
-57,246,False,3PT,Above the Break 3,25,0021800843,20190211,Center(C)
35,11,False,2PT,Restricted Area,3,0021800843,20190211,Center(C)
-4,103,False,2PT,In The Paint (Non-RA),10,0021800843,20190211,Center(C)
17,9,True,2PT,Restricted Area,1,0021800843,20190211,Center(C)
-174,4,False,2PT,Mid-Range,17,0021800843,20190211,Left Side(L)
17,15,False,2PT,Restricted Area,2,0021800843,20190211,Center(C)
7,8,True,2PT,Restricted Area,1,0021800843,20190211,Center(C)
0,266,True,3PT,Above the Break 3,26,0021800843,20190211,Center(C)
22,34,False,2PT,In The Paint (Non-RA),4,0021800843,20190211,Center(C)
74,243,False,3PT,Above the Break 3,25,0021800843,20190211,Center(C)
-25,8,False,2PT,Restricted Area,2,0021800843,20190211,Center(C)
57,253,True,3PT,Above the Break 3,25,0021800858,20190213,Center(C)
72,239,False,3PT,Above the Break 3,24,0021800858,20190213,Center(C)
22,4,True,2PT,Restricted Area,2,0021800858,20190213,Center(C)
-203,161,False,3PT,Above the Break 3,25,0021800858,20190213,Left Side Center(LC)
-2,32,False,2PT,Restricted Area,3,0021800858,20190213,Center(C)
29,62,False,2PT,In The Paint (Non-RA),6,0021800858,20190213,Center(C)
17,5,True,2PT,Restricted Area,1,0021800858,20190213,Center(C)
-18,6,True,2PT,Restricted Area,1,0021800858,20190213,Center(C)
-17,2,True,2PT,Restricted Area,1,0021800858,20190213,Center(C)
-16,7,False,2PT,Restricted Area,1,0021800858,20190213,Center(C)
6,251,True,3PT,Above the Break 3,25,0021800875,20190222,Center(C)
51,105,False,2PT,In The Paint (Non-RA),11,0021800875,20190222,Center(C)
226,10,False,3PT,Right Corner 3,22,0021800875,20190222,Right Side(R)
-225,17,True,3PT,Left Corner 3,22,0021800875,20190222,Left Side(L)
107,235,True,3PT,Above the Break 3,25,0021800875,20190222,Right Side Center(RC)
54,261,True,3PT,Above the Break 3,26,0021800875,20190222,Center(C)
49,225,True,2PT,Mid-Range,23,0021800875,20190222,Center(C)
127,220,True,3PT,Above the Break 3,25,0021800875,20190222,Right Side Center(RC)
86,170,False,2PT,Mid-Range,19,0021800875,20190222,Right Side Center(RC)
-23,18,False,2PT,Restricted Area,2,0021800875,20190222,Center(C)
6,36,False,2PT,Restricted Area,3,0021800875,20190222,Center(C)
-70,211,False,2PT,Mid-Range,22,0021800875,20190222,Left Side Center(LC)
-38,115,False,2PT,In The Paint (Non-RA),12,0021800875,20190222,Center(C)
163,137,False,2PT,Mid-Range,21,0021800875,20190222,Right Side Center(RC)
-14,18,True,2PT,Restricted Area,2,0021800889,20190223,Center(C)
-111,236,True,3PT,Above the Break 3,26,0021800889,20190223,Left Side Center(LC)
124,230,True,3PT,Above the Break 3,26,0021800889,20190223,Right Side Center(RC)
157,207,False,3PT,Above the Break 3,25,0021800889,20190223,Right Side Center(RC)
73,179,False,2PT,Mid-Range,19,0021800889,20190223,Right Side Center(RC)
-2,0,True,2PT,Restricted Area,0,0021800889,20190223,Center(C)
-195,-11,True,2PT,Mid-Range,19,0021800889,20190223,Left Side(L)
-20,202,False,2PT,Mid-Range,20,0021800889,20190223,Center(C)
-16,10,True,2PT,Restricted Area,1,0021800889,20190223,Center(C)
-198,160,True,3PT,Above the Break 3,25,0021800889,20190223,Left Side Center(LC)
0,-6,False,2PT,Restricted Area,0,0021800889,20190223,Center(C)
29,279,False,3PT,Above the Break 3,28,0021800889,20190223,Center(C)
-93,125,True,2PT,Mid-Range,15,0021800889,20190223,Left Side(L)
6,26,False,2PT,Restricted Area,2,0021800889,20190223,Center(C)
-118,153,True,2PT,Mid-Range,19,0021800889,20190223,Left Side Center(LC)
119,232,True,3PT,Above the Break 3,26,0021800889,20190223,Right Side Center(RC)
22,1,True,2PT,Restricted Area,2,0021800889,20190223,Center(C)
175,205,True,3PT,Above the Break 3,26,0021800889,20190223,Right Side Center(RC)
157,247,False,3PT,Above the Break 3,29,0021800889,20190223,Right Side Center(RC)
-29,203,True,2PT,Mid-Range,20,0021800889,20190223,Center(C)
-18,256,False,3PT,Above the Break 3,25,0021800889,20190223,Center(C)
-2,205,False,2PT,Mid-Range,20,0021800889,20190223,Center(C)
-64,185,False,2PT,Mid-Range,19,0021800889,20190223,Left Side Center(LC)
6,17,True,2PT,Restricted Area,1,0021800889,20190223,Center(C)
19,9,True,2PT,Restricted Area,2,0021800889,20190223,Center(C)
-6,3,True,2PT,Restricted Area,0,0021800889,20190223,Center(C)
-84,204,True,2PT,Mid-Range,22,0021800889,20190223,Left Side Center(LC)
158,193,False,3PT,Above the Break 3,24,0021800889,20190223,Right Side Center(RC)
-138,204,False,3PT,Above the Break 3,24,0021800889,20190223,Left Side Center(LC)
-232,-8,True,3PT,Left Corner 3,23,0021800902,20190225,Left Side(L)
111,239,True,3PT,Above the Break 3,26,0021800902,20190225,Right Side Center(RC)
-127,190,False,2PT,Mid-Range,22,0021800902,20190225,Left Side Center(LC)
31,5,False,2PT,Restricted Area,3,0021800902,20190225,Center(C)
-1,5,True,2PT,Restricted Area,0,0021800902,20190225,Center(C)
10,1,False,2PT,Restricted Area,1,0021800902,20190225,Center(C)
-19,12,True,2PT,Restricted Area,2,0021800902,20190225,Center(C)
124,33,False,2PT,Mid-Range,12,0021800902,20190225,Right Side(R)
-13,7,False,2PT,Restricted Area,1,0021800902,20190225,Center(C)
-112,327,False,3PT,Above the Break 3,34,0021800902,20190225,Left Side Center(LC)
117,242,False,3PT,Above the Break 3,26,0021800902,20190225,Right Side Center(RC)
93,117,False,2PT,Mid-Range,14,0021800902,20190225,Right Side(R)
2,29,False,2PT,Restricted Area,2,0021800902,20190225,Center(C)
152,135,True,2PT,Mid-Range,20,0021800916,20190227,Right Side Center(RC)
-10,14,False,2PT,Restricted Area,1,0021800916,20190227,Center(C)
3,0,True,2PT,Restricted Area,0,0021800916,20190227,Center(C)
62,46,False,2PT,In The Paint (Non-RA),7,0021800916,20190227,Center(C)
5,5,True,2PT,Restricted Area,0,0021800916,20190227,Center(C)
116,256,False,3PT,Above the Break 3,28,0021800916,20190227,Right Side Center(RC)
0,-5,True,2PT,Restricted Area,0,0021800916,20190227,Center(C)
-9,3,False,2PT,Restricted Area,0,0021800916,20190227,Center(C)
0,-6,True,2PT,Restricted Area,0,0021800916,20190227,Center(C)
-5,3,True,2PT,Restricted Area,0,0021800916,20190227,Center(C)
-4,0,True,2PT,Restricted Area,0,0021800916,20190227,Center(C)
-40,11,False,2PT,In The Paint (Non-RA),4,0021800916,20190227,Center(C)
-6,-6,False,2PT,Restricted Area,0,0021800916,20190227,Center(C)
33,256,True,3PT,Above the Break 3,25,0021800916,20190227,Center(C)
222,-24,True,3PT,Right Corner 3,22,0021800916,20190227,Right Side(R)
-2,0,True,2PT,Restricted Area,0,0021800916,20190227,Center(C)
8,129,True,2PT,In The Paint (Non-RA),12,0021800916,20190227,Center(C)
-44,176,True,2PT,Mid-Range,18,0021800916,20190227,Center(C)
-81,237,False,3PT,Above the Break 3,25,0021800916,20190227,Left Side Center(LC)
118,226,True,3PT,Above the Break 3,25,0021800928,20190301,Right Side Center(RC)
-1,4,True,2PT,Restricted Area,0,0021800928,20190301,Center(C)
5,18,False,2PT,Restricted Area,1,0021800928,20190301,Center(C)
232,101,True,3PT,Above the Break 3,25,0021800928,20190301,Right Side Center(RC)
-25,256,True,3PT,Above the Break 3,25,0021800928,20190301,Center(C)
21,257,False,3PT,Above the Break 3,25,0021800928,20190301,Center(C)
-3,16,False,2PT,Restricted Area,1,0021800928,20190301,Center(C)
147,214,False,3PT,Above the Break 3,25,0021800928,20190301,Right Side Center(RC)
-5,5,True,2PT,Restricted Area,0,0021800928,20190301,Center(C)
-8,130,False,2PT,In The Paint (Non-RA),13,0021800928,20190301,Center(C)
-168,183,False,3PT,Above the Break 3,24,0021800928,20190301,Left Side Center(LC)
-5,11,True,2PT,Restricted Area,1,0021800928,20190301,Center(C)
0,9,True,2PT,Restricted Area,0,0021800928,20190301,Center(C)
-134,219,False,3PT,Above the Break 3,25,0021800928,20190301,Left Side Center(LC)
11,10,True,2PT,Restricted Area,1,0021800928,20190301,Center(C)
-4,9,False,2PT,Restricted Area,0,0021800928,20190301,Center(C)
0,13,True,2PT,Restricted Area,1,0021800928,20190301,Center(C)
40,42,False,2PT,In The Paint (Non-RA),5,0021800928,20190301,Center(C)
6,11,False,2PT,Restricted Area,1,0021800928,20190301,Center(C)
-180,176,True,3PT,Above the Break 3,25,0021800928,20190301,Left Side Center(LC)
-5,13,True,2PT,Restricted Area,1,0021800928,20190301,Center(C)
5,15,True,2PT,Restricted Area,1,0021800928,20190301,Center(C)
-111,229,True,3PT,Above the Break 3,25,0021800928,20190301,Left Side Center(LC)
82,6,False,2PT,Mid-Range,8,0021800928,20190301,Right Side(R)
-171,468,False,3PT,Backcourt,49,0021800928,20190301,Back Court(BC)
-155,199,False,3PT,Above the Break 3,25,0021800928,20190301,Left Side Center(LC)
0,13,True,2PT,Restricted Area,1,0021800928,20190301,Center(C)
-97,25,False,2PT,Mid-Range,10,0021800928,20190301,Left Side(L)
-147,208,False,3PT,Above the Break 3,25,0021800928,20190301,Left Side Center(LC)
-222,55,True,3PT,Left Corner 3,22,0021800928,20190301,Left Side(L)
-3,10,True,2PT,Restricted Area,1,0021800928,20190301,Center(C)
40,195,False,2PT,Mid-Range,19,0021800928,20190301,Center(C)
84,240,False,3PT,Above the Break 3,25,0021800928,20190301,Right Side Center(RC)
3,14,False,2PT,Restricted Area,1,0021800928,20190301,Center(C)
2,16,True,2PT,Restricted Area,1,0021800928,20190301,Center(C)
-139,159,False,2PT,Mid-Range,21,0021800946,20190303,Left Side Center(LC)
-14,9,False,2PT,Restricted Area,1,0021800946,20190303,Center(C)
-65,16,False,2PT,In The Paint (Non-RA),6,0021800946,20190303,Center(C)
-5,0,True,2PT,Restricted Area,0,0021800946,20190303,Center(C)
-3,13,True,2PT,Restricted Area,1,0021800946,20190303,Center(C)
-3,6,True,2PT,Restricted Area,0,0021800946,20190303,Center(C)
-6,48,False,2PT,In The Paint (Non-RA),4,0021800946,20190303,Center(C)
78,247,False,3PT,Above the Break 3,25,0021800946,20190303,Center(C)
-55,258,False,3PT,Above the Break 3,26,0021800946,20190303,Center(C)
11,40,False,2PT,In The Paint (Non-RA),4,0021800959,20190305,Center(C)
-163,251,False,3PT,Above the Break 3,29,0021800959,20190305,Left Side Center(LC)
-87,154,False,2PT,Mid-Range,17,0021800959,20190305,Left Side Center(LC)
-9,-6,True,2PT,Restricted Area,1,0021800959,20190305,Center(C)
-1,5,True,2PT,Restricted Area,0,0021800959,20190305,Center(C)
-141,243,False,3PT,Above the Break 3,28,0021800959,20190305,Left Side Center(LC)
5,5,False,2PT,Restricted Area,0,0021800959,20190305,Center(C)
-6,4,False,2PT,Restricted Area,0,0021800959,20190305,Center(C)
5,-1,True,2PT,Restricted Area,0,0021800959,20190305,Center(C)
-4,6,True,2PT,Restricted Area,0,0021800959,20190305,Center(C)
192,197,True,3PT,Above the Break 3,27,0021800959,20190305,Right Side Center(RC)
160,232,False,3PT,Above the Break 3,28,0021800959,20190305,Right Side Center(RC)
3,17,False,2PT,Restricted Area,1,0021800959,20190305,Center(C)
76,19,True,2PT,In The Paint (Non-RA),7,0021800959,20190305,Center(C)
122,274,True,3PT,Above the Break 3,29,0021800959,20190305,Right Side Center(RC)
-5,8,True,2PT,Restricted Area,0,0021800959,20190305,Center(C)
85,190,False,2PT,Mid-Range,20,0021800959,20190305,Right Side Center(RC)
-27,13,True,2PT,Restricted Area,2,0021800959,20190305,Center(C)
11,109,False,2PT,In The Paint (Non-RA),10,0021800959,20190305,Center(C)
0,3,True,2PT,Restricted Area,0,0021800959,20190305,Center(C)
-92,263,False,3PT,Above the Break 3,27,0021800959,20190305,Left Side Center(LC)
3,5,False,2PT,Restricted Area,0,0021800959,20190305,Center(C)
-60,29,False,2PT,In The Paint (Non-RA),6,0021800970,20190306,Center(C)
5,16,False,2PT,Restricted Area,1,0021800970,20190306,Center(C)
-13,13,True,2PT,Restricted Area,1,0021800970,20190306,Center(C)
9,27,False,2PT,Restricted Area,2,0021800970,20190306,Center(C)
12,14,True,2PT,Restricted Area,1,0021800970,20190306,Center(C)
-96,143,False,2PT,Mid-Range,17,0021800970,20190306,Left Side Center(LC)
-109,229,False,3PT,Above the Break 3,25,0021800970,20190306,Left Side Center(LC)
-4,1,True,2PT,Restricted Area,0,0021800970,20190306,Center(C)
56,103,False,2PT,In The Paint (Non-RA),11,0021800970,20190306,Center(C)
0,-6,True,2PT,Restricted Area,0,0021800970,20190306,Center(C)
-3,5,True,2PT,Restricted Area,0,0021800970,20190306,Center(C)
67,117,False,2PT,In The Paint (Non-RA),13,0021800970,20190306,Center(C)
149,199,False,3PT,Above the Break 3,24,0021800970,20190306,Right Side Center(RC)
-11,58,True,2PT,In The Paint (Non-RA),5,0021800970,20190306,Center(C)
-40,253,True,3PT,Above the Break 3,25,0021800970,20190306,Center(C)
-2,2,True,2PT,Restricted Area,0,0021800970,20190306,Center(C)
26,247,False,3PT,Above the Break 3,24,0021800970,20190306,Center(C)
-160,149,False,2PT,Mid-Range,21,0021800970,20190306,Left Side Center(LC)
-2,44,True,2PT,In The Paint (Non-RA),4,0021800970,20190306,Center(C)
-231,-3,True,3PT,Left Corner 3,23,0021800970,20190306,Left Side(L)
10,78,False,2PT,In The Paint (Non-RA),7,0021800970,20190306,Center(C)
-16,-4,True,2PT,Restricted Area,1,0021800970,20190306,Center(C)
-7,97,True,2PT,In The Paint (Non-RA),9,0021800970,20190306,Center(C)
55,158,False,2PT,Mid-Range,16,0021800970,20190306,Right Side Center(RC)
-12,74,True,2PT,In The Paint (Non-RA),7,0021800970,20190306,Center(C)
18,6,True,2PT,Restricted Area,1,0021800970,20190306,Center(C)
-15,4,True,2PT,Restricted Area,1,0021800980,20190308,Center(C)
-14,8,True,2PT,Restricted Area,1,0021800980,20190308,Center(C)
-2,30,False,2PT,Restricted Area,3,0021800980,20190308,Center(C)
-81,1,True,2PT,Mid-Range,8,0021800980,20190308,Left Side(L)
9,0,True,2PT,Restricted Area,0,0021800980,20190308,Center(C)
-15,13,True,2PT,Restricted Area,1,0021800980,20190308,Center(C)
-19,4,False,2PT,Restricted Area,1,0021800980,20190308,Center(C)
76,246,False,3PT,Above the Break 3,25,0021800980,20190308,Center(C)
-5,13,False,2PT,Restricted Area,1,0021800980,20190308,Center(C)
-27,10,False,2PT,Restricted Area,2,0021800980,20190308,Center(C)
-27,4,False,2PT,Restricted Area,2,0021800980,20190308,Center(C)
-17,-4,True,2PT,Restricted Area,1,0021800980,20190308,Center(C)
-33,63,False,2PT,In The Paint (Non-RA),7,0021800980,20190308,Center(C)
-62,42,True,2PT,In The Paint (Non-RA),7,0021800980,20190308,Center(C)
33,13,False,2PT,Restricted Area,3,0021800980,20190308,Center(C)
-8,265,True,3PT,Above the Break 3,26,0021800980,20190308,Center(C)
-236,-6,False,3PT,Left Corner 3,23,0021800980,20190308,Left Side(L)
0,13,True,2PT,Restricted Area,1,0021800980,20190308,Center(C)
-40,243,False,3PT,Above the Break 3,24,0021801033,20190315,Center(C)
-16,17,True,2PT,Restricted Area,2,0021801033,20190315,Center(C)
-5,16,True,2PT,Restricted Area,1,0021801033,20190315,Center(C)
-43,23,False,2PT,In The Paint (Non-RA),4,0021801033,20190315,Center(C)
111,253,True,3PT,Above the Break 3,27,0021801033,20190315,Right Side Center(RC)
-136,246,True,3PT,Above the Break 3,28,0021801033,20190315,Left Side Center(LC)
114,256,False,3PT,Above the Break 3,28,0021801033,20190315,Right Side Center(RC)
134,240,True,3PT,Above the Break 3,27,0021801033,20190315,Right Side Center(RC)
84,262,False,3PT,Above the Break 3,27,0021801033,20190315,Center(C)
17,50,True,2PT,In The Paint (Non-RA),5,0021801033,20190315,Center(C)
1,67,False,2PT,In The Paint (Non-RA),6,0021801033,20190315,Center(C)
150,122,False,2PT,Mid-Range,19,0021801033,20190315,Right Side Center(RC)
92,233,False,3PT,Above the Break 3,25,0021801033,20190315,Right Side Center(RC)
136,71,False,2PT,Mid-Range,15,0021801033,20190315,Right Side(R)
-11,13,True,2PT,Restricted Area,1,0021801033,20190315,Center(C)
14,26,False,2PT,Restricted Area,2,0021801033,20190315,Center(C)
-16,17,True,2PT,Restricted Area,2,0021801033,20190315,Center(C)
-25,12,False,2PT,Restricted Area,2,0021801033,20190315,Center(C)
0,7,True,2PT,Restricted Area,0,0021801033,20190315,Center(C)
95,237,True,3PT,Above the Break 3,25,0021801047,20190317,Right Side Center(RC)
11,153,True,2PT,Mid-Range,15,0021801047,20190317,Center(C)
-30,38,True,2PT,In The Paint (Non-RA),4,0021801047,20190317,Center(C)
-143,246,False,3PT,Above the Break 3,28,0021801047,20190317,Left Side Center(LC)
18,53,False,2PT,In The Paint (Non-RA),5,0021801047,20190317,Center(C)
54,66,False,2PT,In The Paint (Non-RA),8,0021801047,20190317,Right Side(R)
38,84,False,2PT,In The Paint (Non-RA),9,0021801047,20190317,Center(C)
61,59,False,2PT,In The Paint (Non-RA),8,0021801047,20190317,Right Side(R)
-3,29,True,2PT,Restricted Area,2,0021801047,20190317,Center(C)
-32,92,False,2PT,In The Paint (Non-RA),9,0021801047,20190317,Center(C)
25,54,False,2PT,In The Paint (Non-RA),5,0021801047,20190317,Center(C)
4,96,False,2PT,In The Paint (Non-RA),9,0021801047,20190317,Center(C)
15,65,True,2PT,In The Paint (Non-RA),6,0021801047,20190317,Center(C)
-24,22,True,2PT,Restricted Area,3,0021801047,20190317,Center(C)
-165,25,False,2PT,Mid-Range,16,0021801047,20190317,Left Side(L)
5,57,False,2PT,In The Paint (Non-RA),5,0021801047,20190317,Center(C)
-112,252,True,3PT,Above the Break 3,27,0021801047,20190317,Left Side Center(LC)
43,134,False,2PT,In The Paint (Non-RA),14,0021801047,20190317,Center(C)
-115,194,True,2PT,Mid-Range,22,0021801057,20190318,Left Side Center(LC)
-6,0,False,2PT,Restricted Area,0,0021801057,20190318,Center(C)
-63,10,False,2PT,In The Paint (Non-RA),6,0021801057,20190318,Center(C)
-7,13,True,2PT,Restricted Area,1,0021801057,20190318,Center(C)
3,258,False,3PT,Above the Break 3,25,0021801057,20190318,Center(C)
8,10,False,2PT,Restricted Area,1,0021801057,20190318,Center(C)
-40,247,True,3PT,Above the Break 3,25,0021801057,20190318,Center(C)
24,267,True,3PT,Above the Break 3,26,0021801057,20190318,Center(C)
104,232,False,3PT,Above the Break 3,25,0021801057,20190318,Right Side Center(RC)
-3,3,True,2PT,Restricted Area,0,0021801057,20190318,Center(C)
